1,6
2,5
3,3
4,0
5,1
6,6
7,5
8,0
9,3
10,0
11,1
12,6
13,5
14,0
15,6
16,1
17,0
18,2
19,5
20,3
21,6
22,1
23,2
24,6
25,4
26,4
27,6
28,4
29,6
30,1
31,5
32,0
33,3
34,1
35,6
36,0
37,3
38,0
39,4
40,2
41,5
42,6
43,4
44,0
45,5
46,6
47,5
48,5
49,5
50,0
51,2
52,0
53,6
54,1
55,1
56,6
57,2
58,0
59,2
60,5
61,0
62,0
63,3
64,0
65,4
66,5
67,5
68,4
69,3
70,0
71,2
72,5
73,4
74,2
75,3
76,0
77,1
78,3
79,3
80,5
81,0
82,6
83,3
84,1
85,6
86,3
87,1
88,6
89,0
90,0
91,5
92,1
93,6
94,1
95,6
96,3
97,3
98,4
99,3
100,3
101,2
102,5
103,5
104,3
105,5
106,5
107,3
108,6
109,5
110,5
111,6
112,6
113,4
114,1
115,6
116,1
117,3
118,5
119,5
120,5
121,6
122,5
123,0
124,2
125,3
126,0
127,1
128,0
129,5
130,4
131,1
132,4
133,0
134,2
135,6
136,0
137,6
138,6
139,4
140,4
141,3
142,0
143,5
144,5
145,0
146,5
147,2
148,4
149,3
150,0
151,5
152,2
153,0
154,5
155,6
156,6
157,1
158,5
159,0
160,5
161,1
162,4
163,6
164,1
165,2
166,1
167,5
168,6
169,5
170,0
171,1
172,0
173,3
174,5
175,3
176,6
177,6
178,3
179,0
180,0
181,5
182,4
183,5
184,0
185,0
186,2
187,5
188,2
189,6
190,5
191,4
192,5
193,4
194,1
195,2
196,0
197,6
198,3
199,5
200,5
201,3
202,0
203,4
204,3
205,0
206,6
207,1
208,6
209,6
210,5
211,5
212,1
213,1
214,4
215,6
216,4
217,4
218,1
219,2
220,2
221,2
222,3
223,5
224,5
225,0
226,0
227,6
228,6
229,5
230,6
231,6
232,6
233,5
234,4
235,5
236,5
237,5
238,3
239,2
240,2
241,0
242,5
243,0
244,4
245,5
246,5
247,2
248,6
249,6
250,6
251,1
252,0
253,1
254,1
255,4
256,6
257,4
258,5
259,6
260,5
261,5
262,0
263,3
264,6
265,3
266,0
267,3
268,0
269,4
270,3
271,6
272,0
273,0
274,4
275,0
276,1
277,4
278,0
279,6
280,6
281,4
282,2
283,4
284,1
285,6
286,0
287,3
288,2
289,3
290,0
291,0
292,3
293,5
294,4
295,5
296,6
297,2
298,2
299,4
300,4
301,1
302,0
303,1
304,6
305,3
306,6
307,5
308,0
309,6
310,4
311,5
312,0
313,6
314,5
315,5
316,5
317,6
318,5
319,0
320,5
321,0
322,6
323,2
324,0
325,6
326,0
327,4
328,6
329,6
330,0
331,0
332,3
333,2
334,1
335,0
336,2
337,0
338,1
339,4
340,1
341,5
342,5
343,4
344,3
345,3
346,4
347,0
348,2
349,5
350,1
351,0
352,5
353,4
354,2
355,2
356,1
357,3
358,0
359,1
360,6
361,5
362,2
363,0
364,5
365,0
366,5
367,6
368,6
369,1
370,5
371,4
372,5
373,4
374,6
375,1
376,2
377,0
378,4
379,0
380,0
381,4
382,2
383,4
384,1
385,5
386,0
387,6
388,4
389,4
390,5
391,6
392,4
393,5
394,3
395,6
396,5
397,3
398,0
399,6
400,3
401,5
402,1
403,6
404,4
405,6
406,4
407,0
408,2
409,6
410,4
411,2
412,4
413,0
414,0
415,3
416,2
417,4
418,5
419,5
420,0
421,6
422,1
423,2
424,6
425,0
426,6
427,1
428,0
429,2
430,3
431,6
432,0
433,6
434,0
435,2
436,2
437,5
438,0
439,4
440,1
441,5
442,4
443,0
444,0
445,0
446,5
447,0
448,0
449,5
450,3
451,3
452,3
453,6
454,5
455,5
456,6
457,0
458,6
459,5
460,3
461,2
462,5
463,4
464,5
465,5
466,6
467,6
468,4
469,3
470,0
471,4
472,0
473,0
474,0
475,5
476,1
477,3
478,5
479,0
480,2
481,0
482,3
483,0
484,1
485,6
486,0
487,5
488,6
489,6
490,0
491,3
492,5
493,1
494,2
495,3
496,2
497,0
498,0
499,5
500,2
501,6
502,4
503,2
504,3
505,1
506,5
507,3
508,0
509,3
510,6
511,0
512,6
513,0
514,0
515,0
516,5
517,1
518,6
519,5
520,0
521,0
522,5
523,5
524,3
525,0
526,6
527,5
528,3
529,0
530,2
531,5
532,5
533,3
534,3
535,0
536,1
537,5
538,2
539,3
540,6
541,5
542,5
543,6
544,4
545,6
546,6
547,6
548,4
549,5
550,5
551,1
552,5
553,4
554,6
555,0
556,0
557,2
558,4
559,6
560,5
561,3
562,1
563,2
564,0
565,1
566,2
567,2
568,6
569,1
570,0
571,6
572,1
573,4
574,0
575,5
576,5
577,0
578,0
579,0
580,1
581,5
582,4
583,0
584,6
585,5
586,0
587,0
588,5
589,0
590,0
591,6
592,1
593,5
594,2
595,0
596,0
597,5
598,5
599,0
600,2
601,5
602,2
603,0
604,6
605,5
606,5
607,6
608,3
609,4
610,5
611,5
612,6
613,6
614,5
615,4
616,2
617,0
618,6
619,5
620,5
621,4
622,0
623,5
624,6
625,2
626,5
627,6
628,3
629,5
630,0
631,2
632,4
633,5
634,1
635,2
636,6
637,2
638,0
639,3
640,1
641,6
642,5
643,6
644,6
645,5
646,6
647,5
648,6
649,6
650,6
651,0
652,6
653,2
654,4
655,5
656,3
657,6
658,0
659,3
660,1
661,0
662,5
663,3
664,3
665,0
666,3
667,5
668,1
669,4
670,0
671,3
672,0
673,4
674,2
675,0
676,4
677,5
678,2
679,5
680,6
681,0
682,0
683,5
684,6
685,6
686,6
687,6
688,4
689,6
690,2
691,3
692,5
693,6
694,0
695,2
696,5
697,6
698,6
699,0
700,0
701,6
702,0
703,4
704,3
705,0
706,1
707,6
708,5
709,4
710,5
711,0
712,1
713,2
714,1
715,6
716,0
717,3
718,4
719,5
720,4
721,0
722,5
723,2
724,2
725,1
726,1
727,4
728,6
729,5
730,0
731,0
732,1
733,5
734,3
735,0
736,3
737,2
738,1
739,5
740,3
741,6
742,3
743,5
744,3
745,4
746,1
747,4
748,4
749,4
750,0
751,3
752,5
753,6
754,5
755,6
756,0
757,3
758,1
759,1
760,3
761,4
762,0
763,3
764,1
765,6
766,3
767,5
768,6
769,6
770,0
771,0
772,0
773,1
774,0
775,2
776,0
777,6
778,2
779,5
780,6
781,3
782,4
783,4
784,0
785,4
786,3
787,6
788,0
789,5
790,0
791,0
792,1
793,4
794,5
795,5
796,5
797,3
798,2
799,0
800,6
801,0
802,1
803,0
804,0
805,5
806,2
807,0
808,3
809,1
810,6
811,5
812,1
813,6
814,5
815,4
816,6
817,4
818,2
819,0
820,0
821,2
822,5
823,3
824,6
825,0
826,6
827,4
828,3
829,6
830,3
831,0
832,2
833,1
834,0
835,5
836,5
837,5
838,5
839,0
840,5
841,3
842,4
843,0
844,4
845,6
846,4
847,5
848,6
849,5
850,4
851,0
852,0
853,1
854,5
855,3
856,5
857,6
858,3
859,0
860,0
861,6
862,0
863,6
864,1
865,3
866,3
867,5
868,4
869,6
870,0
871,4
872,6
873,0
874,0
875,0
876,0
877,0
878,5
879,5
880,1
881,5
882,3
883,2
884,3
885,2
886,5
887,4
888,4
889,0
890,6
891,0
892,6
893,0
894,1
895,5
896,1
897,1
898,4
899,1
900,0
901,4
902,0
903,3
904,3
905,2
906,6
907,3
908,1
909,3
910,3
911,4
912,4
913,2
914,6
915,4
916,1
917,0
918,5
919,5
920,0
921,0
922,4
923,5
924,1
925,6
926,1
927,1
928,2
929,6
930,3
931,4
932,3
933,5
934,4
935,0
936,6
937,5
938,3
939,2
940,1
941,1
942,5
943,4
944,2
945,2
946,6
947,2
948,5
949,0
950,0
951,5
952,4
953,1
954,5
955,0
956,0
957,2
958,3
959,3
960,5
961,0
962,0
963,3
964,5
965,3
966,0
967,2
968,6
969,1
970,1
971,1
972,5
973,6
974,4
975,3
976,4
977,0
978,1
979,4
980,5
981,6
982,1
983,0
984,5
985,6
986,6
987,5
988,5
989,6
990,1
991,5
992,3
993,3
994,3
995,3
996,5
997,4
998,0
999,4
1000,3
1001,5
1002,5
1003,1
1004,1
1005,0
1006,5
1007,0
1008,2
1009,0
1010,3
1011,0
1012,4
1013,1
1014,0
1015,3
1016,4
1017,0
1018,4
1019,6
1020,0
1021,3
1022,4
1023,4
1024,5
1025,5
1026,0
1027,4
1028,5
1029,0
1030,4
1031,0
1032,6
1033,0
1034,0
1035,6
1036,5
1037,0
1038,5
1039,0
1040,6
1041,6
1042,3
1043,6
1044,0
1045,4
1046,2
1047,4
1048,3
1049,5
1050,6
1051,3
1052,2
1053,3
1054,5
1055,5
1056,0
1057,0
1058,5
1059,1
1060,6
1061,3
1062,6
1063,4
1064,3
1065,5
1066,0
1067,5
1068,2
1069,0
1070,3
1071,5
1072,6
1073,3
1074,5
1075,2
1076,4
1077,6
1078,1
1079,2
1080,3
1081,1
1082,5
1083,3
1084,6
1085,6
1086,5
1087,0
1088,0
1089,0
1090,3
1091,2
1092,0
1093,5
1094,6
1095,2
1096,5
1097,0
1098,3
1099,4
1100,5
1101,4
1102,0
1103,4
1104,0
1105,5
1106,1
1107,1
1108,2
1109,0
1110,0
1111,1
1112,6
1113,0
1114,4
1115,4
1116,5
1117,4
1118,6
1119,0
1120,6
1121,5
1122,6
1123,3
1124,3
1125,5
1126,0
1127,5
1128,2
1129,3
1130,6
1131,5
1132,0
1133,6
1134,1
1135,1
1136,4
1137,1
1138,5
1139,0
1140,6
1141,0
1142,4
1143,1
1144,2
1145,4
1146,2
1147,3
1148,3
1149,0
1150,5
1151,4
1152,5
1153,6
1154,4
1155,4
1156,5
1157,0
1158,1
1159,3
1160,4
1161,3
1162,6
1163,2
1164,0
1165,6
1166,4
1167,5
1168,0
1169,0
1170,2
1171,4
1172,0
1173,5
1174,3
1175,4
1176,6
1177,0
1178,6
1179,3
1180,0
1181,0
1182,5
1183,0
1184,5
1185,2
1186,5
1187,4
1188,2
1189,5
1190,4
1191,5
1192,0
1193,5
1194,4
1195,4
1196,0
1197,6
1198,4
1199,6
1200,1
1201,4
1202,3
1203,1
1204,6
1205,0
1206,3
1207,5
1208,6
1209,1
1210,5
1211,4
1212,3
1213,0
1214,6
1215,6
1216,1
1217,1
1218,4
1219,6
1220,6
1221,5
1222,5
1223,0
1224,4
1225,6
1226,0
1227,5
1228,4
1229,5
1230,1
1231,6
1232,1
1233,2
1234,1
1235,0
1236,3
1237,6
1238,6
1239,5
1240,6
1241,0
1242,4
1243,0
1244,0
1245,3
1246,2
1247,0
1248,0
1249,3
1250,1
1251,1
1252,0
1253,1
1254,0
1255,6
1256,5
1257,5
1258,5
1259,5
1260,4
1261,4
1262,3
1263,0
1264,6
1265,5
1266,6
1267,3
1268,4
1269,6
1270,3
1271,3
1272,1
1273,0
1274,3
1275,3
1276,4
1277,0
1278,4
1279,2
1280,6
1281,4
1282,4
1283,0
1284,4
1285,0
1286,6
1287,5
1288,2
1289,0
1290,3
1291,4
1292,0
1293,0
1294,5
1295,2
1296,6
1297,1
1298,6
1299,1
1300,0
1301,1
1302,0
1303,0
1304,4
1305,5
1306,0
1307,6
1308,0
1309,3
1310,0
1311,6
1312,3
1313,5
1314,0
1315,5
1316,0
1317,5
1318,5
1319,0
1320,3
1321,1
1322,6
1323,6
1324,6
1325,3
1326,5
1327,2
1328,0
1329,0
1330,4
1331,5
1332,3
1333,5
1334,6
1335,6
1336,1
1337,1
1338,0
1339,1
1340,2
1341,0
1342,6
1343,5
1344,5
1345,0
1346,5
1347,6
1348,0
1349,5
1350,5
1351,4
1352,1
1353,0
1354,4
1355,1
1356,6
1357,5
1358,0
1359,0
1360,5
1361,5
1362,5
1363,0
1364,2
1365,2
1366,6
1367,0
1368,6
1369,0
1370,2
1371,6
1372,4
1373,6
1374,2
1375,4
1376,6
1377,0
1378,1
1379,2
1380,5
1381,3
1382,5
1383,0
1384,5
1385,3
1386,3
1387,5
1388,0
1389,5
1390,6
1391,6
1392,6
1393,5
1394,6
1395,0
1396,5
1397,6
1398,3
1399,4
1400,3
1401,4
1402,0
1403,0
1404,3
1405,2
1406,1
1407,4
1408,6
1409,0
1410,3
1411,1
1412,1
1413,1
1414,4
1415,0
1416,2
1417,0
1418,5
1419,5
1420,0
1421,5
1422,4
1423,2
1424,4
1425,4
1426,2
1427,4
1428,4
1429,6
1430,0
1431,0
1432,5
1433,6
1434,4
1435,0
1436,5
1437,5
1438,6
1439,4
1440,1
1441,0
1442,3
1443,4
1444,6
1445,1
1446,3
1447,6
1448,5
1449,6
1450,6
1451,4
1452,2
1453,3
1454,3
1455,6
1456,6
1457,0
1458,3
1459,0
1460,6
1461,0
1462,5
1463,4
1464,1
1465,4
1466,6
1467,4
1468,5
1469,0
1470,4
1471,6
1472,5
1473,6
1474,6
1475,4
1476,1
1477,4
1478,5
1479,0
1480,4
1481,4
1482,6
1483,0
1484,4
1485,4
1486,6
1487,6
1488,5
1489,6
1490,1
1491,1
1492,1
1493,0
1494,5
1495,0
1496,2
1497,2
1498,0
1499,3
1500,4
1501,1
1502,6
1503,6
1504,1
1505,6
1506,0
1507,0
1508,6
1509,6
1510,0
1511,0
1512,5
1513,5
1514,2
1515,0
1516,5
1517,0
1518,1
1519,0
1520,3
1521,5
1522,6
1523,0
1524,0
1525,1
1526,0
1527,4
1528,0
1529,1
1530,0
1531,0
1532,0
1533,4
1534,4
1535,6
1536,6
1537,5
1538,2
1539,6
1540,3
1541,0
1542,0
1543,3
1544,6
1545,5
1546,5
1547,3
1548,6
1549,5
1550,5
1551,0
1552,4
1553,0
1554,6
1555,0
1556,6
1557,5
1558,6
1559,6
1560,6
1561,3
1562,5
1563,0
1564,6
1565,4
1566,3
1567,1
1568,1
1569,0
1570,3
1571,6
1572,6
1573,5
1574,3
1575,0
1576,0
1577,0
1578,6
1579,6
1580,2
1581,2
1582,0
1583,5
1584,2
1585,5
1586,5
1587,5
1588,0
1589,4
1590,6
1591,4
1592,0
1593,4
1594,2
1595,0
1596,6
1597,0
1598,2
1599,2
1600,5
1601,5
1602,1
1603,0
1604,4
1605,1
1606,2
1607,3
1608,0
1609,5
1610,6
